0 0 7F
0.1 E 7F
0.2 1B 7F
0.3 28 7F
0.4 35 7F
0.5 43 7F
0.6 50 7F
0.7 5D 7F
0.8 6B 7F
0.9 78 7F
1 7F 7F
1.1 7F 78
1.2 7F 6D
1.3 7F 64
1.4 7F 5C
1.5 7F 55
1.6 7F 4F
1.7 7F 4A
1.8 7F 46
1.9 7F 41
2 7F 3E
2.1 7F 3A
2.2 7F 37
2.3 7F 35
2.4 7F 32
2.5 7F 30
2.6 7F 2E
2.7 7F 2C
2.8 7F 2A
2.9 7F 28
3 7F 27
3.1 7F 25
3.2 7F 24
3.3 7F  23
3.4 7F  21
3.5 7F  20
3.6 7F  1F
3.7 7F  1E
3.8 7F  1D
3.9 7F  1C
4 7F  1B
4.1 7E  1A
4.2 7F  1A
4.3 7F  19
4.4 7E  18
4.5 7F  18
4.6 7F  17
4.7 7E  16
4.8 7F  16
4.9 7F  15
5 7C  14
5.1 7F  14
5.2 7C  13
5.3 7F  13
5.4 7C  12
5.5 7E  12
5.6 7F  12
5.7 7D  11
5.8 7F  11
5.9 7C  10
6 7E  10
6.1 7F  10
6.2 7C  F
6.3 7E  F
6.4 7F  F
6.5 7C  E
6.6 7E  E
6.7 7F  E
6.8 7B  D
6.9 7D  D
7 7F  D
7.1 79  C
7.2 7B  C
7.3 7D  C
7.4 7F  C
7.5 79  B
7.6 7B  B
7.7 7C  B
7.8 7E  B
7.9 7F  B
8 79  A
8.1 7B  A
8.2 7C  A
8.3 7E  A
8.4 7F  A
8.5 79  9
8.6 7A  9
8.7 7C  9
8.8 7D  9
8.9 7F  9
9 77  8
9.1 78  8
9.2 7A  8
9.3 7B  8
9.4 7C  8
9.5 7E  8
9.6 7F  8
9.7 77  7
9.8 78  7
9.9 79  7
10  7F  7
10  7D  7
10  7C  7
10  7B  7
10  7B  6
10  7A  6
10  79  6
10  78  6
10  77  6
10  75  6
11  7F  6
11  7E  6
11  7D  6
11  7B  5
11  7A  5
11  79  5
11  78  5
11  77  5
11  76  5
11  75  5
12  7F  5
12  7E  5
12  7D  5
12  7C  5
12  79  4
12  78  4
12  77  4
12  76  4
12  75  4
12  74  4
13  7F  4
13  7E  4
13  7D  4
13  7C  4
13  7B  4
13  7A  4
13  75  3
13  74  3
13  73  3
13  72  3
14  7E  3
14  7D  3
14  7C  3
14  7B  3
14  7A  3
14  79  3
14  78  3
14  77  3
14  76  3
14  6B  2
15  7F  3
15  77  2
15  76  2
15  75  2
15  74  2
15  73  2
15  72  2
15  71  2
15  65  1
16  7F  2
16  7E  2
16  7D  2
16  7C  2
16  7B  2
16  7A  2
16  79  2
16  78  2
16  6B  1
16  58  0
17  75  1
17  74  1
17  73  1
17  72  1
17  71  1
17  70  1
17  6F  1
17  61  0
17  5F  0
18  7B  1
18  7A  1
18  79  1
18  78  1
18  77  1
18  76  1
18  67  0
18  65  0
19  7F  1
19  7E  1
19  7D  1
19  7C  1
19  6E  0
19  6D  0
19  6C  0
20  74  0
20  73  0
20  72  0
20  71  0
20  70  0
20  6F  0
21  7A  0
21  79  0
21  78  0
21  77  0
21  76  0
21  75  0
22  7F  0
22  7E  0
22  7D  0
22  7C  0
22  7B  0
