46131.86756 9
41882.87976 A
38350.5887  B
35367.76513 C
32815.45218 D
30606.71983 E
28676.56632 F
26975.41408 10
25464.79089 11
24114.38532 12
22899.99181 13
21802.047 14
20804.56772 15
19894.36789 16
19060.47223 17
18293.67162 18
17586.18156 19
16931.37692 1A
16323.58391 1B
15757.91516 1C
15230.13809 1D
14736.5688  1E
14273.98593 1F
13839.56027 20
13430.79689 21
13045.48714 22
12681.66877 23
12337.59249 24
12011.69382 25
11702.56934 26
11408.95649 27
11129.7163  28
10863.81864 29
10610.32954 2A
10368.4002  2B
10137.25752 2C
9916.195831 2D
9704.569701 2E
9501.787647 2F
9307.306614 30
9120.627111 31
8941.288938 32
8768.867388 33
8602.969897 34
8443.233055 35
8289.319953 36
8140.917805 37
7997.735834 38
7859.503363 39
7725.968111 3A
7596.894658 3B
7472.063056 3C
7351.267579 3D
7234.315595 3E
7121.026537 3F
7011.230973 40
6904.769765 41
6801.493295 42
6701.260762 43
6603.939547 44
6509.404625 45
6417.538028 46
6328.228354 47
6241.370317 48
6156.864336 49
6074.616149 4A
5994.536463 4B
5916.540635 4C
5840.54837  4D
5766.483445 4E
5694.273456 4F
5623.849579 50
5555.146356 51
5488.101486 52
5422.655642 53
5358.752293 54
5296.33754  55
5235.35997  56
5175.770507 57
5117.522286 58
5060.570528 59
5004.872424 5A
4950.387032 5B
4897.075172 5C
4844.899333 5D
4793.823587 5E
4743.813505 5F
4694.836079 60
4646.859652 61
4599.853847 62
4553.789502 63
4508.638615 64
4464.37428  65
4420.970641 66
4378.402836 67
4336.646951 68
4295.679975 69
4255.479762 6A
4216.024983 6B
4177.295094 6C
4139.270301 6D
4101.931523 6E
4065.26036  6F
4029.239066 70
3993.850517 71
3959.078186 72
3924.906118 73
3891.318902 74
3858.301651 75
3825.839978 76
3793.919978 77
3762.528205 78
3731.651655 79
3701.277746 7A
3671.394304 7B
3641.989544 7C
3613.052057 7D
3584.57079  7E
3556.535041 7F

